<?xml version="1.0" encoding="utf-8"?>
<COLLADA xmlns="http://www.collada.org/2005/11/COLLADASchema" version="1.4.1">
  <asset>
    <contributor>
      <author>devilfish</author>
      <authoring_tool>OpenCOLLADA for 3ds Max;  Version: 1.2.5;  Revision: 673;  Platform: x64;  Configuration: Release Max2010</authoring_tool>
      <source_data>file:///D:/from_old/work/projects/metro/Metro_Animation/trupoed%20from%20max%20to%20max%20collada.max</source_data>
    </contributor>
    <created>2010-10-01T15:58:20</created>
    <modified>2010-10-01T15:58:20</modified>
    <unit name="millimeter" meter="0.001"/>
    <up_axis>Z_UP</up_axis>
  </asset>
  <library_lights>
    <light id="EnvironmentAmbientLight" name="EnvironmentAmbientLight">
      <technique_common>
        <ambient>
          <color>0 0 0</color>
        </ambient>
      </technique_common>
    </light>
  </library_lights>
  <library_visual_scenes>
    <visual_scene id="MaxScene">
      <node name="EnvironmentAmbientLight">
        <instance_light url="#EnvironmentAmbientLight"/>
      </node>
      <node id="node-hip_joint" name="hip_joint">
        <matrix sid="matrix">0.903203 -0.3713037 -0.2153091 0.7174152 0.1112667 0.6870376 -0.7180523 37.61992 0.4145409 0.6245902 0.6618481 -60.89398 0 0 0 1</matrix>
        <node id="node-spine_joint" name="spine_joint">
          <matrix sid="matrix">0.9873167 0.1211594 0.102598 0 -0.1582371 0.8035597 0.5738058 6.869558 -0.01292172 -0.5827629 0.8125396 3.296013 0 0 0 1</matrix>
          <node id="node-chest_joint" name="chest_joint">
            <matrix sid="matrix">0.9400427 -0.09541912 0.3274369 -1.90735e-6 0.01930054 0.9734108 0.2282537 11.75948 -0.3405102 -0.2082485 0.9168892 11.29233 0 0 0 1</matrix>
            <node id="node-neck_joint" name="neck_joint">
              <matrix sid="matrix">0.969184 -0.07355604 0.2350996 -4.76837e-7 0.1595398 0.914607 -0.3715385 4.711273 -0.1876949 0.397597 0.8981577 27.04916 0 0 0 1</matrix>
              <node id="node-head_joint" name="head_joint">
                <matrix sid="matrix">0.9980114 0.040902 0.04796335 -2.86102e-6 -0.04471013 0.9956937 0.08121702 -3.574078 -0.04443482 -0.08320007 0.995542 14.05257 0 0 0 1</matrix>
                <node id="node-jaw_joint" name="jaw_joint">
                  <matrix>1 7.45058e-9 0 1.90735e-6 1.49012e-8 -0.8230035 -0.5680363 -3.891953 0 0.5680363 -0.8230035 7.394569 0 0 0 1</matrix>
                </node>
                <node id="node-R_ear_joint" name="R_ear_joint">
                  <matrix>0.7208726 -0.6452003 0.2530998 -12.51999 -0.1394379 0.2227055 0.9648624 1.364689 -0.6788961 -0.7308346 0.07057694 4.025246 0 0 0 1</matrix>
                </node>
                <node id="node-L_ear_joint" name="L_ear_joint">
                  <matrix>0.7484336 0.6560335 -0.0973005 12.51897 0.1187014 0.01183721 0.9928594 1.364784 0.6525007 -0.7546391 -0.06901278 4.025105 0 0 0 1</matrix>
                </node>
              </node>
            </node>
            <node id="node-R_clavicle_joint" name="R_clavicle_joint">
              <matrix sid="matrix">0.9926133 -0.003186907 -0.1212796 -8.279937 0.01300972 0.9966868 0.08028784 3.446198 0.1206219 -0.08127259 0.989366 30.66481 0 0 0 1</matrix>
              <node id="node-R_shoulder_joint" name="R_shoulder_joint">
                <matrix sid="matrix">0.9173485 -0.007985055 -0.3980057 -2.009994 -0.2682785 -0.7510554 -0.603277 -16.31368 -0.294107 0.6601915 -0.6911215 3.791538 0 0 0 1</matrix>
                <node id="node-R_forearm_joint" name="R_forearm_joint">
                  <matrix sid="matrix">0.9999999 1.49012e-8 -1.11759e-8 1.90735e-6 0 0.8231478 0.567827 42.83007 -7.45058e-9 -0.567827 0.8231478 1.90735e-6 0 0 0 1</matrix>
                  <node id="node-R_wrist_joint" name="R_wrist_joint">
                    <matrix sid="matrix">0.9324907 0.3611424 0.006097451 0 0.356947 -0.9239764 0.1373184 50.48075 0.05522537 -0.1258717 -0.9905084 9.53674e-7 0 0 0 1</matrix>
                    <node id="node-R_thumb_joint1_1" name="R_thumb_joint1_1">
                      <matrix sid="matrix">0.6592162 -0.711345 0.2437667 4.070002 0.4309244 0.6230428 0.6527799 -6.498459 -0.6162288 -0.3252781 0.7172561 -1.46941 0 0 0 1</matrix>
                      <node id="node-R_thumb_joint1_2" name="R_thumb_joint1_2">
                        <matrix sid="matrix">1 2.98023e-8 2.98023e-8 -0.01154327 0 0.8633955 0.5045276 -10.0257 0 -0.5045276 0.8633956 -1.398773 0 0 0 1</matrix>
                        <node id="node-L_thumb_joint1_3" name="L_thumb_joint1_3">
                          <matrix>0.9999999 4.84288e-8 -2.98023e-8 0 1.49012e-8 0.8633955 0.5045277 -4.872562 2.98023e-8 -0.5045276 0.8633955 -2.470016 0 0 0 1</matrix>
                        </node>
                      </node>
                    </node>
                    <node id="node-R_finger_joint1_1" name="R_finger_joint1_1">
                      <matrix sid="matrix">0.9521157 -0.07416777 -0.2966053 1.959998 0.2022423 0.8803376 0.4290732 -13.02094 0.2292894 -0.4685135 0.8531831 0.1338387 0 0 0 1</matrix>
                      <node id="node-R_finger_joint1_2" name="R_finger_joint1_2">
                        <matrix sid="matrix">1 1.86265e-9 -2.79397e-9 -1.90735e-6 0 0.9812163 0.1929114 -13.39626 9.31323e-10 -0.1929114 0.9812163 -1.460587 0 0 0 1</matrix>
                        <node id="node-R_finger_joint1_3" name="R_finger_joint1_3">
                          <matrix sid="matrix">1 0 0 1.90735e-6 0 0.9812162 0.1929114 -8.045952 -9.31323e-10 -0.1929114 0.9812163 -1.165478 0 0 0 1</matrix>
                        </node>
                      </node>
                    </node>
                    <node id="node-R_finger_joint2_1" name="R_finger_joint2_1">
                      <matrix sid="matrix">0.9312413 0.1784808 -0.3177012 -1.079998 -0.07151504 0.9443994 0.3209287 -14.05865 0.3573164 -0.2761417 0.892228 -0.9447193 0 0 0 1</matrix>
                      <node id="node-R_finger_joint2_2" name="R_finger_joint2_2">
                        <matrix sid="matrix">0.9999999 2.98023e-8 -7.45058e-9 5.72205e-6 -2.98023e-8 0.9889513 0.1482401 -12.21446 -3.72529e-9 -0.1482401 0.9889514 -0.6699123 0 0 0 1</matrix>
                        <node id="node-R_finger_joint2_3" name="R_finger_joint2_3">
                          <matrix sid="matrix">0.9999999 0 -1.49012e-8 -3.8147e-6 2.98023e-8 0.9889513 0.1482401 -10.04093 0 -0.1482401 0.9889514 -1.74703 0 0 0 1</matrix>
                        </node>
                      </node>
                    </node>
                    <node id="node-R_finger_joint3_1" name="R_finger_joint3_1">
                      <matrix sid="matrix">0.8468339 0.4226495 -0.3228616 -4.339999 -0.3298059 0.8935385 0.3046592 -13.41628 0.4172533 -0.1515141 0.896071 -2.145956 0 0 0 1</matrix>
                      <node id="node-R_finger_joint3_2" name="R_finger_joint3_2">
                        <matrix sid="matrix">1 2.98023e-8 -1.49012e-8 0 0 0.9672111 0.253974 -9.640076 7.45058e-9 -0.253974 0.9672111 -0.6699142 0 0 0 1</matrix>
                        <node id="node-R_finger_joint3_3" name="R_finger_joint3_3">
                          <matrix sid="matrix">1 5.96046e-8 2.98023e-8 0 -2.98023e-8 0.9672112 0.2539741 -8.770485 -1.49012e-8 -0.2539741 0.9672111 -1.747032 0 0 0 1</matrix>
                        </node>
                      </node>
                    </node>
                    <node id="node-R_finger_joint4_1" name="R_finger_joint4_1">
                      <matrix sid="matrix">0.7487808 0.5582248 -0.3573682 -6.259998 -0.4842274 0.8288764 0.2801569 -11.2369 0.4526048 -0.03672867 0.8909545 -3.900146 0 0 0 1</matrix>
                      <node id="node-R_finger_joint4_2" name="R_finger_joint4_2">
                        <matrix sid="matrix">0.9999997 -2.08616e-7 -1.78814e-7 -1.14441e-5 1.78814e-7 0.898465 0.4390444 -7.09758 -7.45058e-9 -0.4390447 0.898465 -0.6698837 0 0 0 1</matrix>
                        <node id="node-R_finger_joint4_3" name="R_finger_joint4_3">
                          <matrix sid="matrix">0.9999999 0 0 3.8147e-6 2.98023e-8 0.8984652 0.4390446 -6.268715 2.98023e-8 -0.4390446 0.8984653 -2.450603 0 0 0 1</matrix>
                        </node>
                      </node>
                    </node>
                  </node>
                  <node id="node-R_forearmTwist_joint" name="R_forearmTwist_joint">
                    <matrix sid="matrix">8.9407e-8 0.02675363 -0.9996422 0 0.9999808 0.006189942 1.65746e-4 28.34887 0.006192155 -0.9996229 -0.02675312 -0.05060863 0 0 0 1</matrix>
                  </node>
                </node>
              </node>
            </node>
            <node id="node-L_clavicle_joint" name="L_clavicle_joint">
              <matrix sid="matrix">0.2700832 0.06358705 0.960735 8.605584 0.7310176 0.6358559 -0.2475894 -5.135933 -0.6266326 0.7691839 0.1252507 15.74973 0 0 0 1</matrix>
              <node id="node-L_shoulder_joint" name="L_shoulder_joint">
                <matrix sid="matrix">0.2010077 0.3636405 0.9095942 2.011967 0.1294942 -0.9302612 0.3432862 -16.31366 0.9709929 0.04878396 -0.2340789 3.791533 0 0 0 1</matrix>
                <node id="node-L_forearm_joint" name="L_forearm_joint">
                  <matrix sid="matrix">1 -3.72529e-9 3.72529e-9 0 -3.72529e-9 -0.7575182 0.6528141 42.83008 7.45058e-9 -0.6528141 -0.7575182 0 0 0 0 1</matrix>
                  <node id="node-L_wrist_joint" name="L_wrist_joint">
                    <matrix sid="matrix">0.9308359 -0.2463441 -0.2699243 4.76837e-7 -0.2947946 -0.9426985 -0.1562555 50.48076 -0.2159645 0.2250204 -0.9501185 9.53674e-7 0 0 0 1</matrix>
                    <node id="node-L_thumb_joint1_1" name="L_thumb_joint1_1">
                      <matrix sid="matrix">0.73471 0.5414538 -0.408692 -4.079504 -0.2240892 0.762343 0.6071388 -6.498446 0.6403012 -0.3544872 0.6814349 -1.46941 0 0 0 1</matrix>
                      <node id="node-L_thumb_joint1_2" name="L_thumb_joint1_2">
                        <matrix sid="matrix">1 -1.49012e-8 1.49012e-8 -0.01153898 -1.49012e-8 0.999736 -0.02298144 -10.0257 -2.23517e-8 0.02298149 0.999736 -1.398771 0 0 0 1</matrix>
                        <node id="node-L_thumb_joint1_3_1" name="L_thumb_joint1_3">
                          <matrix>0.9999999 0 -5.21541e-8 2.38419e-7 -1.49012e-8 0.9997358 -0.02298152 -4.872561 2.98023e-8 0.02298158 0.9997359 -2.470014 0 0 0 1</matrix>
                        </node>
                      </node>
                    </node>
                    <node id="node-L_finger_joint1_1" name="L_finger_joint1_1">
                      <matrix sid="matrix">0.8976151 0.06199384 0.436399 -1.962387 -0.1909611 0.9470166 0.2582505 -13.02094 -0.3972673 -0.3151447 0.8618946 0.1338387 0 0 0 1</matrix>
                      <node id="node-L_finger_joint1_2" name="L_finger_joint1_2">
                        <matrix sid="matrix">1 -5.82077e-10 2.17551e-9 0 7.567e-10 0.982951 -0.1838675 -13.39625 -1.04774e-9 0.1838675 0.982951 -1.460588 0 0 0 1</matrix>
                        <node id="node-L_finger_joint1_3" name="L_finger_joint1_3">
                          <matrix sid="matrix">1 -6.98492e-10 -3.04135e-9 0 1.16415e-10 0.982951 -0.1838675 -8.045959 4.29281e-9 0.1838675 0.982951 -1.165484 0 0 0 1</matrix>
                        </node>
                      </node>
                    </node>
                    <node id="node-L_finger_joint2_1" name="L_finger_joint2_1">
                      <matrix sid="matrix">0.8524323 -0.1825596 0.4899296 1.077588 0.1006534 0.9768316 0.1888632 -14.05864 -0.5130572 -0.11168 0.8510582 -0.9447207 0 0 0 1</matrix>
                      <node id="node-L_finger_joint2_2" name="L_finger_joint2_2">
                        <matrix sid="matrix">1 -5.96046e-8 -3.72529e-9 0 2.98023e-8 0.9999254 -0.01221697 -12.21446 -7.45058e-9 0.01221697 0.9999254 -0.6699133 0 0 0 1</matrix>
                        <node id="node-L_finger_joint2_3" name="L_finger_joint2_3">
                          <matrix sid="matrix">1 0 2.10712e-8 -1.90735e-6 0 0.9881451 -0.1535239 -10.04094 -7.45058e-9 0.1535239 0.9881449 -1.747031 0 0 0 1</matrix>
                        </node>
                      </node>
                    </node>
                    <node id="node-L_finger_joint3_1" name="L_finger_joint3_1">
                      <matrix sid="matrix">0.7478954 -0.417397 0.516171 4.337454 0.3531051 0.9085938 0.2231019 -13.41628 -0.5621119 0.01540572 0.8269178 -2.145954 0 0 0 1</matrix>
                      <node id="node-L_finger_joint3_2" name="L_finger_joint3_2">
                        <matrix sid="matrix">1 -2.98023e-8 7.45058e-9 0 0 0.992018 -0.1260971 -9.640077 -7.45058e-9 0.1260971 0.9920179 -0.6699123 0 0 0 1</matrix>
                        <node id="node-L_finger_joint3_3" name="L_finger_joint3_3">
                          <matrix sid="matrix">1 0 -3.72529e-8 0 5.96046e-8 0.9688511 -0.2476443 -8.77048 1.86265e-8 0.2476443 0.968851 -1.747031 0 0 0 1</matrix>
                        </node>
                      </node>
                    </node>
                    <node id="node-L_finger_joint4_1" name="L_finger_joint4_1">
                      <matrix sid="matrix">0.6852742 -0.661042 0.3056515 6.256882 0.4683236 0.721385 0.5101737 -11.23689 -0.5577385 -0.2064654 0.8039281 -3.900146 0 0 0 1</matrix>
                      <node id="node-L_finger_joint4_2" name="L_finger_joint4_2">
                        <matrix sid="matrix">1 0 0 1.90735e-6 2.98023e-8 0.9928734 0.1191743 -7.097592 5.96046e-8 -0.1191742 0.9928734 -0.6699123 0 0 0 1</matrix>
                        <node id="node-L_finger_joint4_3" name="L_finger_joint4_3">
                          <matrix sid="matrix">0.9999999 2.98023e-8 -1.49012e-8 -3.8147e-6 5.96046e-8 0.9381577 -0.3462079 -6.268721 2.98023e-8 0.346208 0.9381577 -2.450605 0 0 0 1</matrix>
                        </node>
                      </node>
                    </node>
                  </node>
                  <node id="node-L_forearmTwist_joint" name="L_forearmTwist_joint">
                    <matrix sid="matrix">-1.60187e-7 -0.1069318 -0.9942663 0 0.9999807 0.006156623 -6.62297e-4 28.34888 0.006192148 -0.9942473 0.1069298 -0.05060863 0 0 0 1</matrix>
                  </node>
                </node>
                <node id="node-L_shoulderTwist_joint" name="L_shoulderTwist_joint">
                  <matrix sid="matrix">0.5300807 0 -0.8479472 0 2.98023e-8 1 2.98023e-8 0 0.8479472 0 0.5300807 0 0 0 0 1</matrix>
                </node>
              </node>
            </node>
          </node>
        </node>
        <node id="node-L_thig_joint" name="L_thig_joint">
          <matrix sid="matrix">0.3892491 0.8330257 -0.3931325 6.749926 -0.6291713 -0.07127872 -0.7739917 -4.580545 -0.6727769 0.5486232 0.4963707 0.2333908 0 0 0 1</matrix>
          <node id="node-L_leg_joint" name="L_leg_joint">
            <matrix sid="matrix">1 0 0 -3.8147e-6 -2.98023e-8 -0.1476534 -0.9890393 20.33089 0 0.9890393 -0.1476533 2.86102e-6 0 0 0 1</matrix>
            <node id="node-L_foot_joint" name="L_foot_joint">
              <matrix sid="matrix">0.9821315 0.1858075 -0.02988413 3.8147e-6 0.1474367 -0.8583505 -0.4914229 22.09149 -0.1169611 0.4782359 -0.8704081 -3.8147e-6 0 0 0 1</matrix>
              <node id="node-L_toe_joint" name="L_toe_joint">
                <matrix sid="matrix">0.9930903 0.1170886 -0.007879078 0 -0.1168457 0.9928014 0.02631968 -6.882477 0.01090401 -0.02521717 0.9996226 8.032078 0 0 0 1</matrix>
                <node id="node-joint5" name="joint5">
                  <matrix sid="matrix">0.9289044 -0.2457044 0.277067 3.803509 0.208863 0.9654363 0.1559127 -0.3931046 -0.305799 -0.08695893 0.9481163 5.177193 0 0 0 1</matrix>
                  <node id="node-joint6" name="joint6">
                    <matrix>1 0 -1.49012e-8 -3.8147e-6 -3.72529e-9 0.6547406 0.7558537 -0.7449048 5.96046e-8 -0.7558537 0.6547406 7.584478 0 0 0 1</matrix>
                  </node>
                </node>
                <node id="node-joint8" name="joint8">
                  <matrix sid="matrix">0.9172665 -0.1219022 -0.3791602 -2.169083 0.1202813 0.9923434 -0.02805945 -0.3931046 0.3796777 -0.01986811 0.9249053 5.177217 0 0 0 1</matrix>
                  <node id="node-joint6_1" name="joint6">
                    <matrix>1 1.49012e-8 -1.49012e-8 3.8147e-6 7.45058e-9 0.7289687 0.684547 -0.7449045 2.98023e-8 -0.6845469 0.7289687 7.584476 0 0 0 1</matrix>
                  </node>
                </node>
              </node>
            </node>
            <node id="node-L_legTwist_joint" name="L_legTwist_joint">
              <matrix sid="matrix">5.96046e-8 0.9984361 -0.05590376 3.8147e-6 0.9997064 -0.001354426 -0.02418777 10.58462 -0.02422571 -0.05588737 -0.998143 0.8939133 0 0 0 1</matrix>
            </node>
          </node>
          <node id="node-L_thigTwist_joint" name="L_thigTwist_joint">
            <matrix sid="matrix">0.8761262 -0.4820565 0.004964501 -3.8147e-6 0.007100254 0.02320009 0.9997055 1.514431 -0.4820299 -0.8758331 0.02374895 0.09558487 0 0 0 1</matrix>
          </node>
        </node>
        <node id="node-R_thig_joint" name="R_thig_joint">
          <matrix sid="matrix">0.2026281 -0.9709855 0.1269996 -6.749996 -0.08175063 -0.1460102 -0.9858996 -4.580547 0.9758374 0.1893887 -0.1089644 0.2333832 0 0 0 1</matrix>
          <node id="node-R_leg_joint" name="R_leg_joint">
            <matrix sid="matrix">0.9999999 -5.96046e-8 -7.45058e-9 0 0 0.4173293 -0.9087554 20.33089 0 0.9087554 0.4173294 1.90735e-6 0 0 0 1</matrix>
            <node id="node-R_foot_joint" name="R_foot_joint">
              <matrix sid="matrix">0.6023154 -0.5721604 0.5566404 0 -0.6406795 -0.76246 -0.09046844 22.08887 0.4761785 -0.3021376 -0.825813 0.3400002 0 0 0 1</matrix>
              <node id="node-R_toe_joint" name="R_toe_joint">
                <matrix sid="matrix">0.986466 0.158974 0.04015195 0 -0.1636526 0.9394663 0.3010331 -6.882478 0.01013497 -0.3035299 0.9527681 8.032078 0 0 0 1</matrix>
                <node id="node-joint10" name="joint10">
                  <matrix sid="matrix">0.8956935 0.06674743 -0.4396341 -3.800003 -0.02580953 0.9948069 0.09845328 -0.3931036 0.4439225 -0.0768372 0.8927649 5.177197 0 0 0 1</matrix>
                  <node id="node-joint6_2" name="joint6">
                    <matrix>1 1.49012e-8 0 0 0 1 1.39698e-9 -0.7449036 0 -2.32831e-9 1 7.58448 0 0 0 1</matrix>
                  </node>
                </node>
                <node id="node-joint9" name="joint9">
                  <matrix sid="matrix">0.9113002 -0.04541056 0.4092311 2.170006 -0.03520974 0.9816642 0.1873381 -0.3931046 -0.4102346 -0.1851301 0.8929919 5.177202 0 0 0 1</matrix>
                  <node id="node-joint6_3" name="joint6">
                    <matrix>0.9999999 1.86265e-9 2.98023e-8 0 -1.86265e-9 1 3.72529e-9 -0.744904 -2.98023e-8 -7.45058e-9 1 7.584496 0 0 0 1</matrix>
                  </node>
                </node>
              </node>
            </node>
            <node id="node-R_legTwist_joint" name="R_legTwist_joint">
              <matrix sid="matrix">2.98023e-7 0.9634889 0.2677479 7.62939e-6 0.9960797 0.02368483 -0.08523077 10.56961 -0.08846036 0.2666983 -0.9597118 1.056709 0 0 0 1</matrix>
            </node>
          </node>
          <node id="node-R_thigTwist_joint" name="R_thigTwist_joint">
            <matrix sid="matrix">0.9674461 0.2525095 0.01693437 7.62939e-6 -0.02226287 0.01825961 0.9995854 1.514433 0.2520955 -0.9674222 0.02328672 0.09559059 0 0 0 1</matrix>
          </node>
        </node>
      </node>
    </visual_scene>
  </library_visual_scenes>
  <library_animations>
    <animation>
      <source id="node-hip_joint_matrix-input">
        <float_array id="node-hip_joint_matrix-input-array" count="31">0 0.03333334 0.06666667 0.1 0.1333333 0.1666667 0.2 0.2333333 0.2666667 0.3 0.3333333 0.3666667 0.4 0.4333333 0.4666667 0.5 0.5333334 0.5666667 0.6 0.6333333 0.6666667 0.7 0.7333333 0.7666667 0.8 0.8333333 0.8666667 0.9 0.9333333 0.9666666 1</float_array>
        <technique_common>
          <accessor source="#node-hip_joint_matrix-input-array" count="31" stride="1">
            <param name="TIME" type="float"/>
          </accessor>
        </technique_common>
      </source>
      <source id="node-hip_joint_matrix-output">
        <float_array id="node-hip_joint_matrix-output-array" count="496">0.903203 -0.3713037 -0.215309 0.7174152 0.1112667 0.6870376 -0.7180523 37.61992 0.4145409 0.6245902 0.6618481 -60.89398 0 0 0 1 0.9113616 -0.3681119 -0.1841566 0.7446588 0.07631373 0.5907677 -0.8032246 35.3209 0.4044703 0.7179744 0.566495 -60.73721 0 0 0 1 0.9261472 -0.3398985 -0.1634638 0.7701098 0.03830581 0.5159325 -0.8557723 33.64404 0.3752121 0.7863095 0.4908495 -60.37403 0 0 0 1 0.9447098 -0.2822232 -0.1669539 0.793687 -0.001941084 0.5043269 -0.8635106 33.32359 0.3279021 0.816091 0.4758948 -59.96146 0 0 0 1 0.9635301 -0.1917918 -0.1866162 0.8157522 -0.04443073 0.5730322 -0.8183276 34.71389 0.2638856 0.7967748 0.5436123 -59.48236 0 0 0 1 0.978065 -0.08540588 -0.1899859 0.8352293 -0.08597052 0.6652611 -0.7416446 36.89016 0.189731 0.7417098 0.6433262 -58.90914 0 0 0 1 0.9863211 0.02476382 -0.1629645 0.8521199 -0.1251996 0.7556223 -0.6429307 39.4346 0.1072182 0.6545392 0.7483867 -58.32317 0 0 0 1 0.9869044 0.1242276 -0.1028944 0.8660321 -0.1602918 0.8267006 -0.5393261 41.94519 0.01806366 0.5487564 0.8357871 -57.80671 0 0 0 1 0.9797625 0.1986916 -0.02423065 0.8754955 -0.1874426 0.8682809 -0.4592968 43.88145 -0.07021933 0.4545437 0.8879523 -57.46878 0 0 0 1 0.9659379 0.2524875 0.05669295 0.8792655 -0.2055709 0.8817713 -0.4245233 44.87371 -0.157177 0.3984088 0.9036403 -57.38611 0 0 0 1 0.9475935 0.2931929 0.1269034 0.8704944 -0.211989 0.8742137 -0.4368193 44.78705 -0.239013 0.387025 0.8905528 -57.70709 0 0 0 1 0.9282022 0.3241558 0.1826568 0.848618 -0.206205 0.8567866 -0.4726482 44.04202 -0.3097096 0.4010484 0.8621138 -58.36464 0 0 0 1 0.90974 0.3493952 0.2242679 0.8177012 -0.1898029 0.8304206 -0.5238095 42.82508 -0.3692532 0.4339638 0.8217831 -59.19834 0 0 0 1 0.8947528 0.3702827 0.2496159 0.7819836 -0.1654343 0.7940527 -0.5849031 41.25294 -0.4147877 0.4820487 0.7717384 -60.02748 0 0 0 1 0.8859204 0.386192 0.2569063 0.7471051 -0.1370229 0.7470535 -0.6504889 39.48509 -0.4431364 0.5410794 0.7147471 -60.64766 0 0 0 1 0.8851006 0.3952435 0.2457225 0.7174152 -0.1063843 0.6858259 -0.719948 37.61992 -0.4530777 0.6110854 0.6490727 -60.89398 0 0 0 1 0.8938644 0.3914231 0.2186193 0.691663 -0.0668227 0.5984898 -0.7983387 35.45502 -0.4433296 0.6989978 0.5611247 -60.74672 0 0 0 1 0.9097453 0.3625598 0.2022718 0.666449 -0.01877361 0.5226331 -0.852351 33.6647 -0.4147421 0.7716249 0.4822697 -60.3999 0 0 0 1 0.9292221 0.300535 0.2150001 0.6425433 0.03348529 0.5109556 -0.8589546 33.2729 -0.3680015 0.8053589 0.4647278 -59.99609 0 0 0 1 0.9480347 0.2012026 0.2464706 0.6203572 0.08794426 0.5787647 -0.8107386 34.62766 -0.3057712 0.790284 0.5309945 -59.52845 0 0 0 1 0.9622461 0.07959747 0.260282 0.6002913 0.1422817 0.6681177 -0.7303251 36.80293 -0.2320311 0.7397858 0.6315684 -58.95568 0 0 0 1 0.969627 -0.04872876 0.2396849 0.5828362 0.1934736 0.7523349 -0.6297303 39.35231 -0.1496374 0.6569762 0.738912 -58.36867 0 0 0 1 0.9693607 -0.1647215 0.182227 0.5686069 0.237856 0.814719 -0.5288264 41.8416 -0.06135469 0.5559673 0.8289366 -57.85613 0 0 0 1 0.9625537 -0.2512626 0.1017714 0.5588059 0.2696928 0.8494697 -0.4535051 43.78797 0.02749711 0.4639701 0.885424 -57.51532 0 0 0 1 0.9527475 -0.3033226 0.0163635 0.55494 0.2812348 0.8604465 -0.4248986 44.78149 0.1148014 0.4094231 0.905093 -57.43071 0 0 0 1 0.9414657 -0.3323476 -0.05645644 0.5638425 0.274032 0.8520377 -0.4460249 44.6109 0.1963384 0.4044463 0.8932382 -57.7392 0 0 0 1 0.927632 -0.3566448 -0.1109212 0.5870275 0.2593535 0.8287872 -0.4958303 43.61308 0.2687653 0.4311802 0.8613065 -58.3951 0 0 0 1 0.9141582 -0.3770305 -0.1488716 0.6192319 0.2365571 0.7944372 -0.5593839 42.10817 0.329174 0.4761487 0.8154305 -59.21845 0 0 0 1 0.9040889 -0.3900915 -0.1745046 0.6552063 0.204787 0.753886 -0.6242741 40.39417 0.3750807 0.528663 0.7614657 -60.02935 0 0 0 1 0.8999766 -0.3902819 -0.194222 0.6896942 0.1631105 0.7146337 -0.680216 38.77919 0.4042735 0.5804988 0.7068127 -60.64784 0 0 0 1 0.903203 -0.3713037 -0.215309 0.7174152 0.1112667 0.6870376 -0.7180523 37.61992 0.4145409 0.6245902 0.6618481 -60.89398 0 0 0 1</float_array>
        <technique_common>
          <accessor source="#node-hip_joint_matrix-output-array" count="31" stride="16">
            <param name="TRANSFORM" type="float4x4"/>
          </accessor>
        </technique_common>
      </source>
      <source id="node-hip_joint_matrix-interpolation">
        <Name_array id="node-hip_joint_matrix-interpolation-array" count="31">LINEAR LINEAR LINEAR LINEAR LINEAR LINEAR LINEAR LINEAR LINEAR LINEAR LINEAR LINEAR LINEAR LINEAR LINEAR LINEAR LINEAR LINEAR LINEAR LINEAR LINEAR LINEAR LINEAR LINEAR LINEAR LINEAR LINEAR LINEAR LINEAR LINEAR LINEAR</Name_array>
        <technique_common>
          <accessor source="#node-hip_joint_matrix-interpolation-array" count="31" stride="1">
            <param name="INTERPOLATION" type="name"/>
          </accessor>
        </technique_common>
      </source>
      <source id="node-spine_joint_matrix-input">
        <float_array id="node-spine_joint_matrix-input-array" count="31">0 0.03333334 0.06666667 0.1 0.1333333 0.1666667 0.2 0.2333333 0.2666667 0.3 0.3333333 0.3666667 0.4 0.4333333 0.4666667 0.5 0.5333334 0.5666667 0.6 0.6333333 0.6666667 0.7 0.7333333 0.7666667 0.8 0.8333333 0.8666667 0.9 0.9333333 0.9666666 1</float_array>
        <technique_common>
          <accessor source="#node-spine_joint_matrix-input-array" count="31" stride="1">
            <param name="TIME" type="float"/>
          </accessor>
        </technique_common>
      </source>
      <source id="node-spine_joint_matrix-output">
        <float_array id="node-spine_joint_matrix-output-array" count="496">0.9873167 0.1211593 0.102598 0 -0.1582371 0.8035597 0.5738058 6.869558 -0.01292169 -0.5827629 0.8125396 3.296013 0 0 0 1 0.9904434 0.09610593 0.09892302 0 -0.1372314 0.7583311 0.637261 6.869558 -0.01377177 -0.6447463 0.7642726 3.296005 0 0 0 1 0.9934134 0.07088565 0.09002768 3.8147e-6 -0.112047 0.7653936 0.6337335 6.869562 -0.02398401 -0.6396466 0.7682948 3.296005 0 0 0 1 0.9957771 0.03718692 0.08393597 0 -0.08029311 0.7960531 0.5998772 6.86956 -0.04450988 -0.6040834 0.7956773 3.296009 0 0 0 1 0.9969167 -0.005667448 0.07826149 0 -0.03694176 0.8460374 0.5318421 6.869558 -0.06922644 -0.5330935 0.8432195 3.296005 0 0 0 1 0.9963049 -0.04973858 0.07001644 0 0.01415741 0.8991941 0.4373207 6.869554 -0.08471006 -0.4347136 0.896576 3.296005 0 0 0 1 0.9939966 -0.09310328 0.05746644 0 0.06901717 0.9411205 0.3309513 6.869558 -0.08489549 -0.3249982 0.9418964 3.296005 0 0 0 1 0.9902869 -0.1333341 0.03941881 -9.53674e-7 0.120844 0.9655964 0.2302616 6.869562 -0.06876438 -0.2232615 0.97233 3.295998 0 0 0 1 0.9859746 -0.1659962 0.01729953 -4.76837e-7 0.1611745 0.9739552 0.1594802 6.869556 -0.04332208 -0.1544551 0.9870495 3.296005 0 0 0 1 0.9817158 -0.1901864 -0.007965266 -9.53674e-7 0.1894929 0.9724498 0.1357713 6.86956 -0.01807594 -0.1347981 0.9907081 3.296005 0 0 0 1 0.9784576 -0.203313 -0.03583848 4.76837e-7 0.206444 0.9646033 0.1640772 6.86956 0.001210927 -0.1679413 0.9857962 3.296005 0 0 0 1 0.9769384 -0.2035606 -0.06445145 9.53674e-7 0.2129216 0.9513455 0.2227244 6.869556 0.01597762 -0.2313112 0.9727486 3.296005 0 0 0 1 0.9769853 -0.1926043 -0.09166908 0 0.2115594 0.9298303 0.301095 6.869554 0.02724456 -0.3135588 0.9491777 3.295998 0 0 0 1 0.9782031 -0.1732776 -0.1144255 0 0.2046625 0.8976722 0.3902533 6.869554 0.03509449 -0.4051656 0.9135693 3.296005 0 0 0 1 0.9801372 -0.1497461 -0.1300277 0 0.1943943 0.8552383 0.4803941 6.869558 0.03926748 -0.4961287 0.8673607 3.295998 0 0 0 1 0.9826233 -0.1243232 -0.1378231 1.90735e-6 0.1812667 0.8024732 0.5684882 6.869554 0.03992301 -0.5835924 0.8110647 3.296005 0 0 0 1 0.9860624 -0.09792274 -0.1345063 0 0.160946 0.7662688 0.6220357 6.86956 0.04215657 -0.6350144 0.7713491 3.296001 0 0 0 1 0.9893908 -0.06836503 -0.1281886 0 0.1335572 0.7752507 0.6173726 6.869558 0.05717158 -0.6279433 0.7761565 3.296005 0 0 0 1 0.9915103 -0.02629208 -0.1273426 0 0.09685438 0.802763 0.5883798 6.869558 0.08675616 -0.5957184 0.7984942 3.296005 0 0 0 1 0.9915297 0.02770835 -0.1268915 1.90735e-6 0.04419976 0.8466818 0.5302605 6.869558 0.1221294 -0.5313774 0.8382854 3.296005 0 0 0 1 0.9889056 0.08379614 -0.1226547 0 -0.02112472 0.8966405 0.442255 6.869558 0.1470365 -0.4347574 0.888463 3.296005 0 0 0 1 0.9838882 0.1386437 -0.1128796 0 -0.09267681 0.9354317 0.341143 6.86956 0.1528885 -0.3251852 0.9332094 3.296005 0 0 0 1 0.9773914 0.1882231 -0.09632396 0 -0.1598222 0.9559361 0.2462575 6.869562 0.138431 -0.2252952 0.964406 3.296005 0 0 0 1 0.9712865 0.2263336 -0.07331621 -1.90735e-6 -0.210369 0.9609724 0.1796568 6.869553 0.1111172 -0.1590747 0.9809935 3.296005 0 0 0 1 0.9684747 0.2452211 -0.04385656 0 -0.2355197 0.9586889 0.159519 6.869558 0.08116221 -0.1441611 0.9862201 3.296005 0 0 0 1 0.9690932 0.2464537 -0.01090914 0 -0.239721 0.9512159 0.1942217 6.869556 0.05824363 -0.1856037 0.9808971 3.296005 0 0 0 1 0.970447 0.2403764 0.02126544 0 -0.2372362 0.9341973 0.2664485 6.86956 0.0441817 -0.2636191 0.9636147 3.296005 0 0 0 1 0.9728328 0.2259609 0.05037885 -9.53674e-7 -0.2288473 0.9057011 0.3568397 6.869564 0.03500366 -0.3586744 0.9328063 3.296005 0 0 0 1 0.9765456 0.2020441 0.07441008 0 -0.2137439 0.8680895 0.4480339 6.86956 0.02592796 -0.4534302 0.8909146 3.295998 0 0 0 1 0.9816102 0.1672873 0.09195816 0 -0.1905494 0.8296282 0.5247932 6.869556 0.01150012 -0.532665 0.8462482 3.296005 0 0 0 1 0.9873167 0.1211592 0.1025982 0 -0.1582371 0.8035596 0.5738058 6.869558 -0.01292192 -0.5827628 0.8125396 3.296013 0 0 0 1</float_array>
        <technique_common>
          <accessor source="#node-spine_joint_matrix-output-array" count="31" stride="16">
            <param name="TRANSFORM" type="float4x4"/>
          </accessor>
        </technique_common>
      </source>
      <source id="node-spine_joint_matrix-interpolation">
        <Name_array id="node-spine_joint_matrix-interpolation-array" count="31">LINEAR LINEAR LINEAR LINEAR LINEAR LINEAR LINEAR LINEAR LINEAR LINEAR LINEAR LINEAR LINEAR LINEAR LINEAR LINEAR LINEAR LINEAR LINEAR LINEAR LINEAR LINEAR LINEAR LINEAR LINEAR LINEAR LINEAR LINEAR LINEAR LINEAR LINEAR</Name_array>
        <technique_common>
          <accessor source="#node-spine_joint_matrix-interpolation-array" count="31" stride="1">
            <param name="INTERPOLATION" type="name"/>
          </accessor>
        </technique_common>
      </source>
      <source id="node-chest_joint_matrix-input">
        <float_array id="node-chest_joint_matrix-input-array" count="31">0 0.03333334 0.06666667 0.1 0.1333333 0.1666667 0.2 0.2333333 0.2666667 0.3 0.3333333 0.3666667 0.4 0.4333333 0.4666667 0.5 0.5333334 0.5666667 0.6 0.6333333 0.6666667 0.7 0.7333333 0.7666667 0.8 0.8333333 0.8666667 0.9 0.9333333 0.9666666 1</float_array>
        <technique_common>
          <accessor source="#node-chest_joint_matrix-input-array" count="31" stride="1">
            <param name="TIME" type="float"/>
          </accessor>
        </technique_common>
      </source>
      <source id="node-chest_joint_matrix-output">
        <float_array id="node-chest_joint_matrix-output-array" count="496">0.9400427 -0.0954191 0.3274369 -1.90735e-6 0.01930052 0.9734108 0.2282537 11.75948 -0.3405102 -0.2082484 0.9168892 11.29233 0 0 0 1 0.9427181 -0.122186 0.3104082 0 0.005343854 0.9359188 0.3521762 11.75947 -0.3335477 -0.3303442 0.8829604 11.29233 0 0 0 1 0.9504883 -0.1352565 0.2797806 -1.90735e-6 -0.02263522 0.8677877 0.4964197 11.75948 -0.3099341 -0.4781742 0.8217606 11.29233 0 0 0 1 0.9614889 -0.1309023 0.2416698 9.53674e-7 -0.03264343 0.8186824 0.5733184 11.75948 -0.2728994 -0.5591283 0.7828808 11.29234 0 0 0 1 0.9739447 -0.1088773 0.1989407 -9.53674e-7 -0.02271306 0.8259801 0.563242 11.75948 -0.2256453 -0.5530852 0.801986 11.29234 0 0 0 1 0.9853267 -0.08022189 0.1506498 9.53674e-7 -0.008744835 0.8577681 0.5139629 11.75947 -0.1704536 -0.5077391 0.8444805 11.29233 0 0 0 1 0.9941111 -0.05273169 0.09466969 0 0.00600171 0.8990697 0.4377647 11.75948 -0.1081987 -0.4346187 0.8940917 11.29233 0 0 0 1 0.9990277 -0.03160172 0.03074008 -1.78814e-7 0.01893758 0.9372718 0.3480858 11.75948 -0.03981196 -0.3471652 0.9369588 11.29233 0 0 0 1 0.9991899 -0.01906949 -0.03543561 2.38419e-7 0.02786034 0.9632298 0.2672303 11.75948 0.02903664 -0.268001 0.9629812 11.29233 0 0 0 1 0.9946576 -0.01078993 -0.1026657 4.76837e-7 0.03258961 0.9764842 0.213112 11.75947 0.09795182 -0.2153192 0.9716189 11.29233 0 0 0 1 0.9859117 -0.001300275 -0.1672616 0 0.03260636 0.9822807 0.1845592 11.75948 0.1640578 -0.187413 0.9684843 11.29233 0 0 0 1 0.9745888 0.01079648 -0.2237402 0 0.02732193 0.9856508 0.1665729 11.75948 0.222328 -0.1684532 0.9603093 11.29233 0 0 0 1 0.9620656 0.02718895 -0.2714598 0 0.01720201 0.9869963 0.1598208 11.75948 0.272275 -0.1584278 0.9490873 11.29233 0 0 0 1 0.9503931 0.04804915 -0.3073176 1.90735e-6 0.004088282 0.9859821 0.1668017 11.75948 0.3110242 -0.1597835 0.9368741 11.29233 0 0 0 1 0.9419943 0.07132345 -0.3279629 -1.90735e-6 -0.00849682 0.9819146 0.1891356 11.75948 0.3355213 -0.175378 0.925564 11.29234 0 0 0 1 0.9385635 0.09474283 -0.3318462 -1.90735e-6 -0.01729494 0.9732825 0.2289586 11.75947 0.344672 -0.2091531 0.9151264 11.29233 0 0 0 1 0.9411671 0.1190784 -0.3162669 0 -0.002799928 0.938579 0.3450542 11.75948 0.3379297 -0.3238681 0.8836928 11.29233 0 0 0 1 0.9489469 0.1344922 -0.2853278 0 0.02623951 0.8677584 0.496294 11.75948 0.314343 -0.4784437 0.8199272 11.29234 0 0 0 1 0.9601094 0.1319684 -0.2465249 0 0.03401803 0.8199535 0.571419 11.75947 0.277548 -0.557011 0.7827554 11.29233 0 0 0 1 0.9725801 0.1115089 -0.2040925 0 0.02079927 0.8323391 0.5538769 11.75947 0.2316363 -0.5429347 0.807197 11.29233 0 0 0 1 0.9842922 0.08383411 -0.1553733 0 0.005400002 0.8653575 0.5011259 11.75947 0.1764649 -0.4940937 0.8513121 11.29234 0 0 0 1 0.9934352 0.05716127 -0.09909081 0 -0.009734034 0.905308 0.424645 11.75948 0.1139808 -0.420893 0.8999211 11.29234 0 0 0 1 0.9986795 0.03687012 -0.03577536 -2.38419e-7 -0.02262961 0.9408868 0.3379641 11.75947 0.04612123 -0.3367084 0.9404789 11.29233 0 0 0 1 0.9992293 0.02465897 0.03054028 1.78814e-7 -0.03175395 0.9651869 0.259627 11.75948 -0.02307498 -0.2603968 0.9652262 11.29233 0 0 0 1 0.9950871 0.01651245 0.09761667 -4.76837e-7 -0.03653681 0.9776428 0.2070761 11.75948 -0.0920149 -0.2096255 0.9734427 11.29233 0 0 0 1 0.9868448 0.006533384 0.1615388 -4.76837e-7 -0.03600895 0.9829664 0.1802237 11.75948 -0.1576098 -0.1836697 0.9702706 11.29233 0 0 0 1 0.9757135 -0.0073632 0.2189272 0 -0.02947914 0.9859299 0.1645429 11.75948 -0.2170583 -0.1670007 0.9617677 11.29233 0 0 0 1 0.9633973 -0.02600699 0.2668134 9.53674e-7 -0.01770246 0.9869393 0.1601191 11.75948 -0.2674927 -0.1589817 0.9503542 11.29233 0 0 0 1 0.9519296 -0.04862487 0.3024327 0 -0.003088414 0.985747 0.1682087 11.75948 -0.3063012 -0.1610569 0.9382114 11.29233 0 0 0 1 0.9434787 -0.0728861 0.3233196 1.90735e-6 0.01058852 0.9816506 0.1903958 11.75948 -0.331264 -0.176211 0.9269381 11.29234 0 0 0 1 0.9400428 -0.0954191 0.3274369 0 0.01930052 0.9734107 0.2282536 11.75948 -0.3405101 -0.2082484 0.9168891 11.29233 0 0 0 1</float_array>
        <technique_common>
          <accessor source="#node-chest_joint_matrix-output-array" count="31" stride="16">
            <param name="TRANSFORM" type="float4x4"/>
          </accessor>
        </technique_common>
      </source>
      <source id="node-chest_joint_matrix-interpolation">
        <Name_array id="node-chest_joint_matrix-interpolation-array" count="31">LINEAR LINEAR LINEAR LINEAR LINEAR LINEAR LINEAR LINEAR LINEAR LINEAR LINEAR LINEAR LINEAR LINEAR LINEAR LINEAR LINEAR LINEAR LINEAR LINEAR LINEAR LINEAR LINEAR LINEAR LINEAR LINEAR LINEAR LINEAR LINEAR LINEAR LINEAR</Name_array>
        <technique_common>
          <accessor source="#node-chest_joint_matrix-interpolation-array" count="31" stride="1">
            <param name="INTERPOLATION" type="name"/>
          </accessor>
        </technique_common>
      </source>
      <source id="node-neck_joint_matrix-input">
        <float_array id="node-neck_joint_matrix-input-array" count="31">0 0.03333334 0.06666667 0.1 0.1333333 0.1666667 0.2 0.2333333 0.2666667 0.3 0.3333333 0.3666667 0.4 0.4333333 0.4666667 0.5 0.5333334 0.5666667 0.6 0.6333333 0.6666667 0.7 0.7333333 0.7666667 0.8 0.8333333 0.8666667 0.9 0.9333333 0.9666666 1</float_array>
        <technique_common>
          <accessor source="#node-neck_joint_matrix-input-array" count="31" stride="1">
            <param name="TIME" type="float"/>
          </accessor>
        </technique_common>
      </source>
      <source id="node-neck_joint_matrix-output">
